ensemble_avg =

  Columns 1 through 11 

    0.2884    0.2782    0.2682    0.2583    0.2405    0.2299    0.2132    0.1915    0.1760    0.1576    0.1322

  Columns 12 through 22 

    0.1113    0.0907    0.0689    0.0512    0.0354    0.0232    0.0123    0.0064    0.0034    0.0011    0.0004

  Column 23 

    0.0001
    
    ensemble_avg =

  Columns 1 through 11 

    0.4515    0.4545    0.4546    0.4295    0.3850    0.3247    0.2635    0.2107    0.1626    0.1241    0.0987

  Columns 12 through 22 

    0.0754    0.0627    0.0536    0.0444    0.0382    0.0334    0.0294    0.0255    0.0237    0.0200    0.0177

  Column 23 

    0.0164

    
ensemble_avg_RR =

  
    0.2884    0.2782    0.2682    0.2583    0.2405    0.2299    0.2132    0.1915    0.1762    0.1574    0.1328

  
    0.1112    0.0907    0.0701    0.0516    0.0373    0.0252    0.0144    0.0079    0.0047    0.0022    0.0008

  
    0.0003
    
    0.4515    0.4546    0.4547    0.4319    0.3890    0.3355    0.2462    0.2081    0.1618    0.1161    0.0938 0.0746    0.0643    0.0556    0.0474    0.0408    0.0348    0.0310    0.0276    0.0248    0.0206    0.0187

