usf1=[ 0.2884    0.2782    0.2682    0.2583    0.2405    0.2299    0.2132    0.1915    0.1760    0.1576    0.1322 0.1113    0.0907    0.0689    0.0512    0.0354    0.0232    0.0123    0.0064    0.0034    0.0011    0.0004 0.0001];
usf2=[0.4515    0.4545    0.4546    0.4295    0.3850    0.3247    0.2635    0.2107    0.1626    0.1241    0.0987 0.0754    0.0627    0.0536    0.0444    0.0382    0.0334    0.0294    0.0255    0.0237    0.0200    0.0177 0.0164];
us61=[0.2884    0.2782    0.2682    0.2583    0.2405    0.2299    0.2132    0.1915    0.1762    0.1574    0.1328   0.1112    0.0907    0.0701    0.0516    0.0373    0.0252    0.0144    0.0079    0.0047    0.0022    0.0008   0.0003];
us62=[ 0.4515    0.4546    0.4547    0.4319    0.3890    0.3355    0.2462    0.2081    0.1618    0.1161    0.0938 0.0746    0.0643    0.0556    0.0474    0.0408    0.0348    0.0310    0.0276    0.0248    0.0206    0.0187  0.0180];

us51=[0.4529    0.4562    0.4557    0.4377    0.3850    0.3029    0.2738    0.2026    0.1433    0.1167    0.0967 0.0814    0.0670    0.0552    0.0484    0.0408    0.0350    0.0302    0.0264    0.0245    0.0207    0.0194 0.0173]
us52=[ 0.4615    0.4642    0.4533    0.3298    0.3669    0.3726    0.2272    0.1959    0.1058    0.0631    0.0380 0.0217    0.0112    0.0057    0.0022    0.0007    0.0002    0.0001    0.0000         0         0         0 0];
    
 us41=[ 0.4520    0.4573    0.4553    0.4282    0.3634    0.3517    0.2377    0.1775    0.1588    0.1312    0.1018 0.0812    0.0673    0.0567    0.0476    0.0407    0.0344    0.0291    0.0264    0.0228    0.0206    0.0179  0.0166];
us42=[ 0.4611    0.4665    0.4552    0.3732    0.3652    0.3137    0.2823    0.1720    0.1001    0.0606    0.0369 0.0217    0.0120    0.0052    0.0024    0.0009    0.0002    0.0001    0.0000         0         0         0 0];



 haif=(usf1+usf2)/2;
  hai6=(us61+us62)/2;
   hai5=(us51+us52)/2;
    hai4=(us41+us42)/2;
 semilogy(1:23,haif,1:23,hai6,1:23,hai5,1:23,hai4)
 
 ensemble_avg =[ 0.2066    0.1584    0.1157    0.0793    0.0508    0.0308    0.0165    0.0086    0.0039    0.0016    0.0006    0.0002    0.0001    0.0000    0.0000         0  0         0         0];
 
ensemble_avg_RR =[ 0         0         0         0         0         0         0         0         0         0         0         0         0         0         0         0    0         0         0;...
    0.2106    0.1640    0.1217    0.0864    0.0580    0.0369    0.0223    0.0126    0.0070    0.0035    0.0016    0.0008    0.0004    0.0002    0.0001    0.0000  0.0000    0.0000         0;...
    0.2071    0.1591    0.1164    0.0802    0.0520    0.0316    0.0174    0.0091    0.0042    0.0019    0.0008    0.0005    0.0002    0.0001    0.0000    0.0000 0.0000    0.0000         0;...
    0.2066    0.1585    0.1157    0.0795    0.0512    0.0310    0.0164    0.0086    0.0039    0.0016    0.0006    0.0002    0.0001    0.0000    0.0000    0.0000 0.0000    0.0000         0];

       
   